V101easy 0.020077 0.035398 0.051113 0.083150
V102medium 0.021578 0.014887 0.065241 0.061547
V103difficult 0.040385 0.023911 0.114194 0.055690
V201easy 0.021807 0.022165 0.062873 0.063453
V202medium 0.024292 0.023088 0.075561 0.068342
V203difficult 0.084894 0.083899 0.123934 0.127072
MH01easy 0.074716 0.034026 0.203391 0.075698
MH02easy 0.071416 0.041558 0.156447 0.082458
MH03medium 0.055239 0.050597 0.324441 0.163241
MH04difficult 0.098176 0.060492 0.227807 0.184426
MH05difficult 0.134666 0.077368 0.299147 0.181543
V101easy 0.023760 0.037324 0.056878 0.088184
V102medium 0.021991 0.016031 0.068309 0.048658
V103difficult 0.040450 0.025221 0.116740 0.056090
V201easy 0.018668 0.019286 0.042020 0.043829
V202medium 0.032419 0.031687 0.094779 0.085938
V203difficult 0.079744 0.077925 0.151123 0.151260
MH01easy 0.070254 0.025582 0.183452 0.064621
MH02easy 0.072809 0.040969 0.160707 0.085847
MH03medium 0.060689 0.040206 0.353022 0.133826
MH04difficult 0.091978 0.049505 0.226486 0.168107
MH05difficult 0.121513 0.062027 0.278016 0.154129
V101easy 0.021401 0.036061 0.053577 0.081534
V102medium 0.022813 0.015911 0.063756 0.062746
V103difficult 0.039438 0.022571 0.108090 0.046009
V201easy 0.020757 0.020578 0.044741 0.041107
V202medium 0.041211 0.040531 0.123438 0.122572
V203difficult 0.081037 0.078248 0.261362 0.169396
MH01easy 0.066775 0.024630 0.186222 0.057138
MH02easy 0.075222 0.044117 0.174333 0.099285
MH03medium 0.058742 0.043705 0.361049 0.164193
MH04difficult 0.092963 0.077143 0.217859 0.151526
MH05difficult 0.126452 0.087738 0.277856 0.168965
V101easy 0.023229 0.036995 0.054414 0.085607
V102medium 0.022700 0.016825 0.061631 0.065582
V103difficult 0.039543 0.021933 0.117388 0.056230
V201easy 0.020686 0.020759 0.047505 0.046415
V202medium 0.030902 0.029592 0.092307 0.083526
V203difficult 0.088762 0.087642 0.134410 0.128441
MH01easy 0.068938 0.028730 0.189991 0.067071
MH02easy 0.073585 0.044593 0.159711 0.081955
MH03medium 0.065259 0.029212 0.356263 0.127566
MH04difficult 0.089286 0.061105 0.226368 0.135459
MH05difficult 0.145314 0.087568 0.322517 0.220139
V101easy 0.020964 0.035374 0.052546 0.084038
V102medium 0.023077 0.016553 0.062727 0.039584
V103difficult 0.039263 0.021946 0.121189 0.056669
V201easy 0.023200 0.022976 0.051334 0.050927
V202medium 0.028186 0.027202 0.092580 0.092944
V203difficult 0.063620 0.060504 0.268536 0.197521
MH01easy 0.075552 0.039871 0.204861 0.081041
MH02easy 0.063706 0.026823 0.159021 0.075967
MH03medium 0.069735 0.030536 0.372489 0.121026
MH04difficult 0.079379 0.050123 0.200158 0.187505
MH05difficult 0.120686 0.076260 0.272927 0.187994
V101easy 0.020999 0.036345 0.050341 0.082701
V102medium 0.021700 0.015125 0.063823 0.039841
V103difficult 0.039110 0.022462 0.111590 0.055852
V201easy 0.021935 0.022228 0.071001 0.067848
V202medium 0.029814 0.028870 0.092942 0.085031
V203difficult 0.060306 0.060132 0.142623 0.135909
MH01easy 0.069002 0.027956 0.190905 0.063973
MH02easy 0.077318 0.040625 0.191182 0.109299
MH03medium 0.064786 0.034514 0.374906 0.130359
MH04difficult 0.083279 0.070082 0.172978 0.170348
MH05difficult 0.103483 0.045374 0.256894 0.121928
V101easy 0.023495 0.037219 0.056486 0.089570
V102medium 0.022448 0.017771 0.064826 0.037474
V103difficult 0.039769 0.022144 0.110733 0.052643
V201easy 0.021259 0.020987 0.047326 0.043197
V202medium 0.032905 0.032221 0.094280 0.089810
V203difficult 0.087005 0.085332 0.133160 0.132346
MH01easy 0.077313 0.035585 0.208461 0.082368
MH02easy 0.068703 0.034099 0.165935 0.083091
MH03medium 0.066760 0.028663 0.374354 0.117213
MH04difficult 0.080738 0.054344 0.191205 0.201754
MH05difficult 0.128658 0.069953 0.316088 0.153506
V101easy 0.022889 0.036904 0.053260 0.085602
V102medium 0.023071 0.016245 0.061103 0.065061
V103difficult 0.037329 0.017743 0.099078 0.049197
V201easy 0.021679 0.021873 0.051591 0.051242
V202medium 0.033272 0.032805 0.104421 0.109148
V203difficult 0.102433 0.100910 0.153967 0.158490
MH01easy 0.066360 0.028384 0.182308 0.071393
MH02easy 0.074671 0.045375 0.169269 0.089319
MH03medium 0.059128 0.037162 0.365848 0.146260
MH04difficult 0.124543 0.115208 0.246907 0.191448
MH05difficult 0.122127 0.064821 0.284771 0.168399
V101easy 0.023008 0.036887 0.054547 0.085426
V102medium 0.022660 0.015922 0.062896 0.033810
V103difficult 0.038403 0.019788 0.108864 0.056199
V201easy 0.023472 0.023445 0.070829 0.069150
V202medium 0.030872 0.030328 0.096818 0.096933
V203difficult 0.081515 0.079754 0.260584 0.191542
MH01easy 0.071814 0.030305 0.189992 0.069789
MH02easy 0.079932 0.046568 0.194516 0.115669
MH03medium 0.063379 0.033508 0.368949 0.139132
MH04difficult 0.086175 0.050040 0.213361 0.155251
MH05difficult 0.099608 0.047108 0.254016 0.134917
V101easy 0.023886 0.037686 0.056324 0.086689
V102medium 0.023131 0.016830 0.067225 0.059023
V103difficult 0.045693 0.032316 0.112945 0.067594
V201easy 0.019418 0.019531 0.061567 0.058319
V202medium 0.033084 0.032004 0.096610 0.088171
V203difficult 0.078587 0.075555 0.290629 0.192180
MH01easy 0.066715 0.028325 0.184976 0.068102
MH02easy 0.065236 0.030386 0.151832 0.073566
MH03medium 0.055158 0.048041 0.349549 0.170382
MH04difficult 0.084233 0.045591 0.212152 0.161532
MH05difficult 0.132853 0.073014 0.297444 0.158304
