V101easy 0.017746 0.034853 0.036076 0.070530
V102medium 0.022437 0.016247 0.060233 0.033258
V103difficult 0.039296 0.022761 0.101481 0.049949
V201easy 0.014497 0.014340 0.028784 0.027106
V202medium 0.015296 0.012946 0.096013 0.100434
V203difficult 0.024668 0.024211 0.453066 0.455763
MH01easy 0.059435 0.016677 0.169586 0.039109
MH02easy 0.047832 0.013206 0.101775 0.036032
MH03medium 0.075097 0.021728 0.398223 0.098650
MH04difficult 0.078317 0.039200 0.185924 0.171346
MH05difficult 0.095975 0.038541 0.249947 0.121392
V101easy 0.017535 0.034900 0.038551 0.072489
V102medium 0.022246 0.016688 0.056356 0.046374
V103difficult 0.038564 0.020382 0.103233 0.050251
V201easy 0.014238 0.014125 0.031449 0.027604
V202medium 0.020431 0.018503 0.358724 0.351899
V203difficult 0.016426 0.015544 0.084783 0.086712
MH01easy 0.059120 0.017283 0.168897 0.042070
MH02easy 0.048734 0.013898 0.106433 0.039302
MH03medium 0.076361 0.021921 0.391051 0.093166
MH04difficult 0.072172 0.041198 0.171111 0.196322
MH05difficult 0.098391 0.041733 0.239776 0.132814
V101easy 0.016934 0.034202 0.039352 0.073509
V102medium 0.021992 0.015434 0.053223 0.032197
V103difficult 0.039523 0.023060 0.103519 0.048212
V201easy 0.012403 0.012552 0.025638 0.025537
V202medium 0.023471 0.022264 0.520383 0.516735
V203difficult 0.017898 0.016641 0.118101 0.130713
MH01easy 0.059340 0.015627 0.166184 0.038546
MH02easy 0.047329 0.012715 0.101916 0.028357
MH03medium 0.075922 0.022590 0.398868 0.097243
MH04difficult 0.072702 0.039086 0.172192 0.180660
MH05difficult 0.099639 0.041496 0.247573 0.124476
V101easy 0.017354 0.034859 0.037342 0.071638
V102medium 0.023419 0.017139 0.059411 0.045476
V103difficult 0.039514 0.022930 0.111297 0.051183
V201easy 0.027974 0.028577 1.165777 1.170400
V202medium 0.018347 0.016537 0.146554 0.149143
V203difficult 0.016964 0.015887 0.133164 0.147798
MH01easy 0.060694 0.021674 0.173915 0.050001
MH02easy 0.048513 0.013474 0.107450 0.036064
MH03medium 0.077308 0.022026 0.394402 0.087486
MH04difficult 0.079155 0.037536 0.194770 0.156619
MH05difficult 0.101513 0.043145 0.243592 0.122902
V101easy 0.018503 0.035463 0.039172 0.073132
V102medium 0.022805 0.017183 0.058502 0.035186
V103difficult 0.040060 0.023518 0.119968 0.056460
V201easy 0.015188 0.015205 0.033706 0.034199
V202medium 0.018558 0.016766 0.310994 0.303152
V203difficult 0.017846 0.015911 0.052832 0.066887
MH01easy 0.060269 0.018759 0.171855 0.042605
MH02easy 0.046602 0.013716 0.106326 0.035892
MH03medium 0.075930 0.022089 0.382352 0.099140
MH04difficult 0.071120 0.038077 0.175245 0.184800
MH05difficult 0.094636 0.036825 0.241596 0.116293
V101easy 0.017380 0.034860 0.034657 0.069893
V102medium 0.021498 0.014927 0.058723 0.032561
V103difficult 0.038855 0.021373 0.101047 0.048385
V201easy 0.014677 0.014267 0.031105 0.029171
V202medium 0.021349 0.019708 0.129524 0.126422
V203difficult 0.019245 0.018725 0.303644 0.306286
MH01easy 0.059830 0.019312 0.174720 0.044332
MH02easy 0.048462 0.014072 0.108184 0.037524
MH03medium 0.078908 0.022201 0.399746 0.089286
MH04difficult 0.070145 0.038651 0.165067 0.178718
MH05difficult 0.096659 0.038709 0.235306 0.122456
V101easy 0.019830 0.036185 0.041014 0.074496
V102medium 0.023119 0.017143 0.059004 0.035466
V103difficult 0.038872 0.021434 0.108661 0.053543
V201easy 0.016336 0.016117 0.032368 0.030933
V202medium 0.022415 0.021158 0.340657 0.339411
V203difficult 0.019448 0.018413 0.175102 0.175514
MH01easy 0.060026 0.017024 0.173459 0.040121
MH02easy 0.049588 0.014025 0.107281 0.037145
MH03medium 0.081718 0.023478 0.398975 0.082970
MH04difficult 0.065991 0.040602 0.166385 0.199103
MH05difficult 0.095943 0.039109 0.240259 0.122440
V101easy 0.017697 0.034747 0.039169 0.073506
V102medium 0.022181 0.016203 0.055588 0.032357
V103difficult 0.038496 0.021860 0.099724 0.045583
V201easy 0.014118 0.013968 0.035493 0.032658
V202medium 0.018181 0.016065 0.143380 0.139399
V203difficult 0.018071 0.016291 0.138235 0.151247
MH01easy 0.060575 0.017215 0.175839 0.043467
MH02easy 0.046873 0.012325 0.101919 0.033767
MH03medium 0.079497 0.021689 0.395989 0.089844
MH04difficult 0.072141 0.035699 0.189767 0.183107
MH05difficult 0.096293 0.039421 0.240846 0.125244
V101easy 0.017179 0.034686 0.040351 0.074197
V102medium 0.022012 0.016298 0.054288 0.036560
V103difficult 0.038105 0.020172 0.106016 0.044688
V201easy 0.014885 0.014799 0.029853 0.027964
V202medium 0.020935 0.019796 0.155266 0.154486
V203difficult 0.021845 0.021855 0.309255 0.310881
MH01easy 0.059450 0.016314 0.172232 0.040270
MH02easy 0.047574 0.012787 0.103572 0.040177
MH03medium 0.080945 0.022215 0.406129 0.087159
MH04difficult 0.074903 0.037491 0.190468 0.178329
MH05difficult 0.096434 0.041125 0.242661 0.131147
V101easy 0.018726 0.035764 0.038034 0.072118
V102medium 0.021914 0.015911 0.057483 0.038061
V103difficult 0.037871 0.020015 0.104407 0.041638
V201easy 0.013169 0.013355 0.037856 0.034913
V202medium 0.016287 0.014296 0.113792 0.114211
V203difficult 0.017707 0.016322 0.120935 0.123608
MH01easy 0.059682 0.018492 0.167327 0.044296
MH02easy 0.048261 0.013483 0.108706 0.041646
MH03medium 0.074638 0.021863 0.395851 0.090853
MH04difficult 0.070301 0.035626 0.174917 0.169904
MH05difficult 0.094327 0.043262 0.256340 0.131211
