V101easy 0.019043 0.035305 0.044781 0.075734
V102medium 0.022826 0.016072 0.053214 0.038295
V103difficult 0.038411 0.019527 0.103363 0.090704
V201easy 0.029629 0.029269 0.061279 0.054615
V202medium 0.019744 0.018605 0.126389 0.124920
V203difficult 0.059164 0.055178 0.328037 0.335128
MH01easy 0.065094 0.018052 0.163880 0.045282
MH02easy 0.061638 0.027627 0.133370 0.062308
MH03medium 0.082422 0.028370 0.391568 0.090682
MH04difficult 0.085866 0.048332 0.200812 0.148326
MH05difficult 0.112778 0.054759 0.277520 0.131965
V101easy 0.018903 0.035092 0.047084 0.078216
V102medium 0.022060 0.015848 0.055500 0.057946
V103difficult 0.038233 0.019509 0.095716 0.088461
V201easy 0.019600 0.019074 0.041364 0.037225
V202medium 0.019532 0.017961 0.100241 0.100198
V203difficult 0.022695 0.023070 0.177153 0.177928
MH01easy 0.067572 0.022181 0.177582 0.051162
MH02easy 0.061939 0.025739 0.138336 0.056669
MH03medium 0.078910 0.024397 0.382800 0.086640
MH04difficult 0.096425 0.056667 0.225469 0.125776
MH05difficult 0.136224 0.079868 0.303622 0.194553
V101easy 0.019067 0.035599 0.048258 0.078442
V102medium 0.022058 0.015079 0.056477 0.040736
V103difficult 0.038405 0.019343 0.097012 0.042654
V201easy 0.017803 0.017847 0.037750 0.038697
V202medium 0.018355 0.016636 0.061608 0.064549
V203difficult 0.035898 0.034545 0.418286 0.416322
MH01easy 0.068314 0.021005 0.181708 0.054422
MH02easy 0.060037 0.027220 0.133517 0.056703
MH03medium 0.086550 0.028820 0.392138 0.099983
MH04difficult 0.080669 0.046105 0.201050 0.148999
MH05difficult 0.105795 0.051927 0.271472 0.127794
V101easy 0.018966 0.035485 0.049004 0.079417
V102medium 0.022609 0.016071 0.055677 0.050007
V103difficult 0.038896 0.021255 0.099987 0.052902
V201easy 0.028703 0.028352 0.054195 0.049532
V202medium 0.020923 0.020194 0.168987 0.168838
V203difficult 0.039798 0.038275 0.140419 0.143378
MH01easy 0.063935 0.017140 0.162694 0.044085
MH02easy 0.062238 0.027754 0.140866 0.059743
MH03medium 0.084333 0.028554 0.390480 0.097621
MH04difficult 0.100713 0.067037 0.230370 0.127834
MH05difficult 0.110286 0.051670 0.279514 0.123676
V101easy 0.018075 0.035057 0.047348 0.078384
V102medium 0.022136 0.014609 0.054333 0.035909
V103difficult 0.039561 0.022512 0.101888 0.118342
V201easy 0.022102 0.021207 0.051674 0.044386
V202medium 0.019652 0.018246 0.108936 0.110257
V203difficult 0.027850 0.026856 0.271248 0.268277
MH01easy 0.070695 0.025038 0.194953 0.073738
MH02easy 0.071177 0.032704 0.166939 0.081880
MH03medium 0.083087 0.026447 0.391751 0.089911
MH04difficult 0.103643 0.064739 0.228088 0.130927
MH05difficult 0.123271 0.066852 0.297966 0.142031
V101easy 0.018101 0.035002 0.046158 0.076939
V102medium 0.024121 0.017213 0.059817 0.056000
V103difficult 0.038101 0.020186 0.115985 0.095434
V201easy 0.027790 0.027555 0.055140 0.050557
V202medium 0.021042 0.020483 0.105186 0.106828
V203difficult 0.052445 0.048628 0.703465 0.701551
MH01easy 0.064851 0.019312 0.166219 0.045386
MH02easy 0.068040 0.031845 0.158808 0.078414
MH03medium 0.082186 0.027222 0.387576 0.093764
MH04difficult 0.107056 0.073993 0.225999 0.130684
MH05difficult 0.123049 0.065799 0.292845 0.145687
V101easy 0.018001 0.034706 0.043879 0.075989
V102medium 0.022590 0.016146 0.052517 0.042630
V103difficult 0.038943 0.020974 0.112915 0.105159
V201easy 0.030402 0.030104 0.057074 0.051110
V202medium 0.019630 0.017585 0.071499 0.066299
V203difficult 0.037535 0.035686 0.097104 0.111759
MH01easy 0.069671 0.022663 0.187521 0.063830
MH02easy 0.060710 0.029537 0.124815 0.059686
MH03medium 0.074229 0.029378 0.374309 0.098241
MH04difficult 0.093063 0.058720 0.220458 0.120974
MH05difficult 0.107626 0.049777 0.270479 0.124080
V101easy 0.018273 0.034738 0.047799 0.078602
V102medium 0.022282 0.015823 0.056360 0.035076
V103difficult 0.038852 0.020690 0.100238 0.049253
V201easy 0.031310 0.030898 0.061954 0.057441
V202medium 0.019878 0.018554 0.110465 0.117563
V203difficult 0.026574 0.026105 0.180023 0.183399
MH01easy 0.065608 0.020242 0.165729 0.049189
MH02easy 0.071698 0.036016 0.164785 0.083131
MH03medium 0.081387 0.027366 0.382381 0.092492
MH04difficult 0.100907 0.062814 0.232108 0.138896
MH05difficult 0.109415 0.052817 0.274494 0.139965
V101easy 0.018147 0.034885 0.048225 0.079146
V102medium 0.021947 0.015062 0.056538 0.035167
V103difficult 0.039312 0.021593 0.147746 0.134516
V201easy 0.017998 0.017820 0.037267 0.037702
V202medium 0.020211 0.018827 0.104772 0.105332
V203difficult 0.038696 0.037534 0.354760 0.363999
MH01easy 0.067410 0.019533 0.176536 0.050450
MH02easy 0.061249 0.029756 0.131400 0.057832
MH03medium 0.079373 0.027538 0.377613 0.089483
MH04difficult 0.099538 0.060636 0.224024 0.130992
MH05difficult 0.107544 0.050037 0.260373 0.127280
V101easy 0.018188 0.034759 0.047083 0.077792
V102medium 0.022816 0.015751 0.059704 0.041760
V103difficult 0.038387 0.019944 0.182786 0.188391
V201easy 0.019829 0.019488 0.038970 0.037091
V202medium 0.029612 0.028344 0.548442 0.550854
V203difficult 0.047119 0.044908 0.175555 0.178196
MH01easy 0.066934 0.020253 0.176237 0.042908
MH02easy 0.060800 0.024353 0.137224 0.053425
MH03medium 0.080308 0.025132 0.379967 0.087718
MH04difficult 0.096832 0.055192 0.226496 0.131849
MH05difficult 0.113551 0.059177 0.291551 0.141493
