V101easy 0.020784 0.036384 0.044959 0.077744
V102medium 0.021522 0.013977 0.058102 0.034164
V103difficult 0.037468 0.020491 0.101868 0.048875
V201easy 0.024297 0.023636 0.045750 0.043328
V202medium 0.015757 0.013404 0.094572 0.100442
V203difficult 0.026650 0.026370 0.455477 0.458407
MH01easy 0.064245 0.022516 0.183666 0.055516
MH02easy 0.050950 0.017820 0.112078 0.044263
MH03medium 0.066815 0.033853 0.369764 0.109299
MH04difficult 0.084568 0.042756 0.208610 0.180581
MH05difficult 0.123833 0.064491 0.306643 0.154854
V101easy 0.020441 0.036301 0.047791 0.076892
V102medium 0.021064 0.015039 0.057523 0.046022
V103difficult 0.037777 0.019520 0.103743 0.045187
V201easy 0.026533 0.025696 0.052006 0.053219
V202medium 0.024172 0.022729 0.351473 0.344761
V203difficult 0.018409 0.017922 0.082074 0.083871
MH01easy 0.063437 0.019468 0.177423 0.052302
MH02easy 0.056728 0.018116 0.127951 0.042868
MH03medium 0.073900 0.028352 0.379211 0.088324
MH04difficult 0.088277 0.047243 0.217694 0.180565
MH05difficult 0.125294 0.064839 0.302378 0.146433
V101easy 0.020552 0.035774 0.047947 0.079842
V102medium 0.022650 0.015133 0.059846 0.035256
V103difficult 0.038423 0.021917 0.101295 0.046596
V201easy 0.012776 0.013243 0.026212 0.026543
V202medium 0.030130 0.029773 0.515610 0.512261
V203difficult 0.020738 0.020072 0.115137 0.127099
MH01easy 0.066456 0.022269 0.182067 0.055502
MH02easy 0.050827 0.017388 0.108278 0.038008
MH03medium 0.074586 0.028130 0.389727 0.094185
MH04difficult 0.087532 0.046405 0.217337 0.192176
MH05difficult 0.124968 0.065548 0.292612 0.158744
V101easy 0.019215 0.035833 0.041309 0.073686
V102medium 0.021222 0.013889 0.057541 0.040156
V103difficult 0.041120 0.026258 0.115514 0.063198
V201easy 0.034319 0.035104 1.160867 1.165702
V202medium 0.022200 0.020980 0.151678 0.154440
V203difficult 0.019256 0.018299 0.130931 0.145375
MH01easy 0.066693 0.026247 0.187990 0.060802
MH02easy 0.060035 0.024483 0.132136 0.054623
MH03medium 0.067943 0.027530 0.373990 0.107099
MH04difficult 0.078208 0.037089 0.211305 0.181781
MH05difficult 0.128593 0.067358 0.296185 0.153617
V101easy 0.021355 0.036803 0.049065 0.080514
V102medium 0.021205 0.014847 0.061150 0.038925
V103difficult 0.037586 0.020137 0.109920 0.044794
V201easy 0.023545 0.023004 0.046811 0.042729
V202medium 0.020606 0.019233 0.307194 0.299378
V203difficult 0.020587 0.018544 0.048827 0.062731
MH01easy 0.067524 0.027276 0.189708 0.061968
MH02easy 0.051030 0.020782 0.103470 0.042243
MH03medium 0.067326 0.033197 0.362655 0.108236
MH04difficult 0.088485 0.045446 0.220715 0.184126
MH05difficult 0.123483 0.061465 0.305321 0.141782
V101easy 0.018237 0.034908 0.039713 0.071603
V102medium 0.021966 0.014890 0.063259 0.034954
V103difficult 0.038291 0.020739 0.098644 0.051048
V201easy 0.021404 0.020648 0.041700 0.038405
V202medium 0.037145 0.036190 0.124347 0.123235
V203difficult 0.020224 0.020650 0.302374 0.305018
MH01easy 0.071966 0.032874 0.199672 0.067456
MH02easy 0.058706 0.025852 0.125597 0.051092
MH03medium 0.068311 0.032316 0.368464 0.105007
MH04difficult 0.081328 0.039416 0.206417 0.175507
MH05difficult 0.128957 0.069339 0.290264 0.167906
V101easy 0.019229 0.035364 0.045437 0.077930
V102medium 0.021579 0.015450 0.058475 0.035834
V103difficult 0.036055 0.017713 0.099763 0.040931
V201easy 0.027270 0.026662 0.052626 0.054445
V202medium 0.022645 0.020748 0.339371 0.338195
V203difficult 0.024210 0.022800 0.175711 0.175817
MH01easy 0.065039 0.023111 0.186256 0.055292
MH02easy 0.058661 0.019560 0.131874 0.053774
MH03medium 0.073153 0.028778 0.363662 0.091952
MH04difficult 0.072385 0.045949 0.195596 0.215669
MH05difficult 0.122863 0.063617 0.296545 0.154466
V101easy 0.019799 0.035604 0.043231 0.075707
V102medium 0.020646 0.014393 0.060064 0.033740
V103difficult 0.038954 0.023002 0.098185 0.049019
V201easy 0.019560 0.019145 0.041460 0.037865
V202medium 0.019127 0.016877 0.142864 0.138846
V203difficult 0.019673 0.018046 0.135321 0.148389
MH01easy 0.068123 0.025640 0.190560 0.060809
MH02easy 0.054882 0.018184 0.119190 0.042435
MH03medium 0.068111 0.031410 0.372283 0.108250
MH04difficult 0.073538 0.036806 0.203891 0.194166
MH05difficult 0.116237 0.055673 0.277427 0.126114
V101easy 0.018671 0.035235 0.044967 0.077538
V102medium 0.020932 0.013898 0.058372 0.035413
V103difficult 0.037652 0.019796 0.102458 0.044437
V201easy 0.024659 0.023942 0.045504 0.044754
V202medium 0.028791 0.028184 0.162111 0.161520
V203difficult 0.023414 0.023130 0.306697 0.308223
MH01easy 0.062573 0.019966 0.182374 0.052822
MH02easy 0.057212 0.022355 0.119914 0.049819
MH03medium 0.069890 0.031263 0.364050 0.102106
MH04difficult 0.082786 0.041110 0.214413 0.190000
MH05difficult 0.108538 0.061600 0.266474 0.143771
V101easy 0.019069 0.035689 0.044035 0.076992
V102medium 0.020874 0.014366 0.063187 0.043289
V103difficult 0.037827 0.020288 0.102420 0.048977
V201easy 0.013815 0.014216 0.038453 0.035520
V202medium 0.016137 0.014033 0.111514 0.111839
V203difficult 0.020365 0.019591 0.119276 0.121854
MH01easy 0.065210 0.024041 0.181946 0.057912
MH02easy 0.056519 0.020862 0.126893 0.041619
MH03medium 0.065290 0.033789 0.367095 0.110977
MH04difficult 0.073264 0.035636 0.197344 0.185432
MH05difficult 0.107675 0.069791 0.276568 0.157464
