V101easy 0.018731 0.035334 0.039948 0.073930
V102medium 0.023750 0.017281 0.054392 0.036673
V103difficult 0.039459 0.020405 0.104716 0.051890
V201easy 0.013553 0.014071 0.048217 0.048208
V202medium 0.020239 0.018634 0.062613 0.056491
V203difficult 0.069205 0.065657 0.397003 0.261277
MH01easy 0.058237 0.014162 0.162049 0.041908
MH02easy 0.051829 0.016439 0.118870 0.039169
MH03medium 0.069072 0.025657 0.376460 0.120043
MH04difficult 0.078066 0.071126 0.165848 0.146010
MH05difficult 0.089344 0.039943 0.221932 0.120694
V101easy 0.016809 0.034580 0.038744 0.073068
V102medium 0.024944 0.019759 0.072767 0.082722
V103difficult 0.042018 0.026809 0.105719 0.069133
V201easy 0.017006 0.016838 0.036252 0.039643
V202medium 0.022881 0.021691 0.069908 0.062513
V203difficult 0.069618 0.069145 0.127386 0.125275
MH01easy 0.057563 0.014386 0.156903 0.043238
MH02easy 0.050818 0.016793 0.116967 0.038758
MH03medium 0.067342 0.027434 0.379954 0.118497
MH04difficult 0.085626 0.084158 0.171542 0.186182
MH05difficult 0.096560 0.041089 0.242298 0.130500
V101easy 0.017340 0.035159 0.037089 0.071546
V102medium 0.024357 0.018676 0.076371 0.086707
V103difficult 0.040284 0.022476 0.116902 0.056693
V201easy 0.013175 0.013431 0.038887 0.040380
V202medium 0.023105 0.021903 0.090462 0.085255
V203difficult 0.052376 0.048798 0.340072 0.232724
MH01easy 0.058154 0.016234 0.164870 0.049328
MH02easy 0.050849 0.017020 0.108353 0.036657
MH03medium 0.070337 0.024909 0.390523 0.115491
MH04difficult 0.073570 0.042765 0.160307 0.173199
MH05difficult 0.094984 0.050742 0.224178 0.123812
V101easy 0.019156 0.035407 0.041993 0.075914
V102medium 0.023540 0.018548 0.063245 0.056567
V103difficult 0.039043 0.020618 0.112376 0.051181
V201easy 0.015233 0.015102 0.045709 0.048112
V202medium 0.020048 0.018828 0.075907 0.076669
V203difficult 0.036480 0.034956 0.103736 0.102508
MH01easy 0.059257 0.017740 0.171687 0.046321
MH02easy 0.048401 0.014876 0.111321 0.039854
MH03medium 0.068237 0.026396 0.375199 0.117955
MH04difficult 0.099071 0.089279 0.203769 0.167859
MH05difficult 0.085598 0.042232 0.209585 0.158241
V101easy 0.018814 0.035535 0.043110 0.076554
V102medium 0.026321 0.020942 0.065408 0.050715
V103difficult 0.040294 0.023070 0.112463 0.055856
V201easy 0.016435 0.016486 0.053365 0.055454
V202medium 0.018875 0.016956 0.082448 0.088217
V203difficult 0.089598 0.084072 0.590478 0.388421
MH01easy 0.059532 0.015566 0.167210 0.046565
MH02easy 0.050059 0.018569 0.107224 0.044839
MH03medium 0.068481 0.026611 0.393280 0.110455
MH04difficult 0.074016 0.046154 0.166500 0.188846
MH05difficult 0.088126 0.039024 0.217275 0.130980
V101easy 0.017557 0.034738 0.040152 0.074068
V102medium 0.025104 0.019509 0.101880 0.103567
V103difficult 0.039473 0.022194 0.109164 0.047322
V201easy 0.015906 0.016065 0.036219 0.032911
V202medium 0.020444 0.019144 0.085022 0.084420
V203difficult 0.060785 0.059956 0.143580 0.143194
MH01easy 0.059313 0.016792 0.166472 0.043597
MH02easy 0.048848 0.015324 0.111459 0.048061
MH03medium 0.066436 0.028680 0.377823 0.127699
MH04difficult 0.067879 0.048306 0.148339 0.187807
MH05difficult 0.100958 0.043978 0.261847 0.121276
V101easy 0.020189 0.036390 0.044192 0.076892
V102medium 0.025249 0.019211 0.059667 0.038250
V103difficult 0.040080 0.022746 0.113911 0.051098
V201easy 0.015043 0.014860 0.032492 0.032138
V202medium 0.018801 0.017047 0.076872 0.085289
V203difficult 0.052651 0.051373 0.116908 0.114972
MH01easy 0.058433 0.014412 0.161570 0.037526
MH02easy 0.047921 0.014861 0.110735 0.034244
MH03medium 0.070017 0.024727 0.364619 0.115678
MH04difficult 0.069241 0.043045 0.159673 0.175918
MH05difficult 0.096708 0.041839 0.241498 0.121478
V101easy 0.021120 0.037003 0.044319 0.077692
V102medium 0.025328 0.019732 0.083959 0.083624
V103difficult 0.039514 0.022585 0.110091 0.054753
V201easy 0.013614 0.013551 0.037856 0.039388
V202medium 0.020083 0.018168 0.064533 0.066431
V203difficult 0.074076 0.071022 0.409610 0.269528
MH01easy 0.059798 0.018215 0.170181 0.044294
MH02easy 0.049741 0.014828 0.117525 0.035339
MH03medium 0.073542 0.023557 0.393017 0.103541
MH04difficult 0.078004 0.064064 0.183798 0.162469
MH05difficult 0.092566 0.039304 0.232715 0.133228
V101easy 0.019922 0.036512 0.040631 0.073115
V102medium 0.023742 0.018341 0.060010 0.049827
V103difficult 0.051851 0.039694 0.118971 0.081749
V201easy 0.014264 0.014737 0.035662 0.034155
V202medium 0.020539 0.019088 0.074831 0.078681
V203difficult 0.050196 0.047877 0.096553 0.098364
MH01easy 0.059259 0.018728 0.170457 0.050354
MH02easy 0.047044 0.013769 0.109346 0.036932
MH03medium 0.071214 0.025009 0.376937 0.110067
MH04difficult 0.087535 0.081757 0.184723 0.153136
MH05difficult 0.096934 0.042185 0.244513 0.125196
V101easy 0.019462 0.035663 0.041592 0.075564
V102medium 0.025073 0.019325 0.057304 0.054059
V103difficult 0.064423 0.056454 0.148883 0.131093
V201easy 0.014921 0.014824 0.031676 0.028407
V202medium 0.019010 0.017557 0.083700 0.091191
V203difficult 0.049433 0.048870 0.165998 0.134362
MH01easy 0.058763 0.014573 0.164975 0.046091
MH02easy 0.049103 0.016544 0.109986 0.040155
MH03medium 0.068700 0.026961 0.359774 0.119517
MH04difficult 0.071480 0.043079 0.172321 0.185420
MH05difficult 0.097442 0.064182 0.233494 0.133561
